5
4
4 1 2 3
5
2 1 4 5 3
10
1 6 8 10 2 3 4 5 7 9
30
15 11 7 16 10 13 22 30 6 28 23 8 18 4 3 29 5 20 27 9 14 12 1 25 26 24 17 21 19 2
500
468 269 224 353 35 25 83 170 317 392 403 300 76 273 37 270 363 321 493 487 126 94 459 93 274 63 228 90 385 378 421 307 227 247 308 367 20 50 173 79 305 151 139 98 225 240 67 388 204 221 400 10 157 460 397 77 422 229 324 223 364 180 96 425 238 97 6 178 298 205 461 413 352 479 28 318 455 433 137 107 331 319 432 11 315 333 112 41 404 454 88 60 66 47 152 417 387 158 70 252 199 462 355 141 30 395 211 155 5 448 120 446 232 171 351 350 13 128 368 261 399 71 416 342 255 239 26 374 499 73 491 434 203 102 420 117 380 244 31 301 202 360 332 310 168 164 14 402 343 65 235 284 40 337 325 361 359 309 444 418 443 451 143 187 192 299 384 489 212 362 214 52 338 297 292 116 251 38 260 92 186 33 45 447 356 46 500 124 419 146 12 62 476 431 194 430 266 231 72 111 15 147 69 23 95 216 322 36 437 9 289 442 51 196 1 134 390 287 440 105 303 54 389 55 181 376 177 74 314 415 44 282 372 135 470 19 320 84 144 34 230 457 100 391 114 339 250 405 163 48 172 494 189 27 80 463 268 21 313 167 17 296 183 57 127 277 154 103 326 341 293 241 32 209 439 174 169 483 237 311 396 220 283 488 386 323 140 340 344 58 383 435 218 162 86 200 195 101 407 441 271 81 294 150 408 423 286 182 482 469 272 207 478 429 184 458 445 450 334 382 3 426 471 18 245 258 219 78 377 394 466 328 265 234 148 138 61 306 125 411 410 453 159 16 496 190 484 121 24 263 278 485 438 401 285 215 165 213 43 369 414 185 370 160 166 87 304 8 481 279 492 358 486 464 198 347 91 113 4 257 145 497 39 290 64 42 373 398 129 295 412 153 428 365 406 226 99 424 256 253 335 243 288 475 176 132 345 456 379 498 133 316 280 248 191 329 56 349 115 477 201 375 130 495 291 53 217 474 89 302 254 281 409 49 197 262 110 179 149 131 29 109 206 122 357 490 136 452 473 108 208 472 366 175 142 327 236 118 7 123 354 193 242 275 222 348 106 346 436 336 119 82 267 249 449 188 161 259 59 371 68 104 264 233 393 85 22 381 276 210 75 2 330 427 246 480 467 156 465 312
